255 255 255 255 255 255 255 255 255 255 255 255 255 255 255 255
255 255 255 255 255 255 255 255 255 255 255 255 255 255 255 255
255 255 255 255 255 255 255 255 255 255 255 255 255 255 255 255
255 255 255   0   0   0   0   0   0   0   0   0   0 255 255 255
255 255 255   0   0   0   0   0   0   0   0   0   0 255 255 255
255 255 255   0   0   0   0 255 255 255 255   0   0 255 255 255
255 255 255   0   0   0   0 255 255 255 255   0   0 255 255 255
255 255 255   0   0 255 255 255 255 255 255   0   0 255 255 255
255 255 255   0   0 255 255 255 255 255 255   0   0 255 255 255
255 255 255   0   0   0   0 255 255 255 255   0   0 255 255 255
255 255 255   0   0   0   0 255 255 255 255   0   0 255 255 255
255 255 255   0   0   0   0   0   0   0   0   0   0 255 255 255
255 255 255   0   0   0   0   0   0   0   0   0   0 255 255 255
255 255 255 255 255 255 255 255 255 255 255 255 255 255 255 255
255 255 255 255 255 255 255 255 255 255 255 255 255 255 255 255
255 255 255 255 255 255 255 255 255 255 255 255 255 255 255 255
255 255 255 255 255 255 255 255 255 255 255 255 255 255 255 255
255 255 255 255 255 255 255 255 255 255 255 255 255 255 255 255
255 255 255 255 255 255 255 255 255 255 255 255 255 255 255 255
255 255 255   0   0   0   0   0   0   0   0   0   0 255 255 255
255 255 255   0   0   0   0   0   0   0   0   0   0 255 255 255
255 255 255   0   0   0   0 255 255 255 255   0   0 255 255 255
255 255 255   0   0   0   0 255 255 255 255   0   0 255 255 255
255 255 255   0   0 255 255 255 255 255 255   0   0 255 255 255
255 255 255   0   0 255 255 255 255 255 255   0   0 255 255 255
255 255 255   0   0   0   0 255 255 255 255   0   0 255 255 255
255 255 255   0   0   0   0 255 255 255 255   0   0 255 255 255
255 255 255   0   0   0   0   0   0   0   0   0   0 255 255 255
255 255 255   0   0   0   0   0   0   0   0   0   0 255 255 255
255 255 255 255 255 255 255 255 255 255 255 255 255 255 255 255
255 255 255 255 255 255 255 255 255 255 255 255 255 255 255 255
255 255 255 255 255 255 255 255 255 255 255 255 255 255 255 255
255 255 255 255 255 255 255 255 255 255 255 255 255 255 255 255
255 255 255 255 255 255 255 255 255 255 255 255 255 255 255 255
255 255 255 255 255 255 255 255 255 255 255 255 255 255 255 255
255 255 255   0   0   0   0   0   0   0   0   0   0 255 255 255
255 255 255   0   0   0   0   0   0   0   0   0   0 255 255 255
255 255 255   0   0   0   0 255 255 255 255   0   0 255 255 255
255 255 255   0   0   0   0 255 255 255 255   0   0 255 255 255
255 255 255   0   0 255 255 255 255 255 255   0   0 255 255 255
255 255 255   0   0 255 255 255 255 255 255   0   0 255 255 255
255 255 255   0   0   0   0 255 255 255 255   0   0 255 255 255
255 255 255   0   0   0   0 255 255 255 255   0   0 255 255 255
255 255 255   0   0   0   0   0   0   0   0   0   0 255 255 255
255 255 255   0   0   0   0   0   0   0   0   0   0 255 255 255
255 255 255 255 255 255 255 255 255 255 255 255 255 255 255 255
255 255 255 255 255 255 255 255 255 255 255 255 255 255 255 255
255 255 255 255 255 255 255 255 255 255 255 255 255 255 255 255

255 255 255 255 255 255 255 255 255 255 255 255 255 255 255 255
255 255 255 255 255 255 255 255 255 255 255 255 255 255 255 255
255 255 201 138 131 131 131 131 131 131 131 131 137 194 255 255
255 255 150  26  12  12  12  12  12  12  12  12  24 137 255 255
255 255 144  14   0   5   7   7   7   7   5   0  12 131 255 255
255 255 144  14   2 122 180 181 181 181 128   5  12 131 255 255
255 255 144  14   3 172 253 255 255 255 181   7  12 131 255 255
255 255 144  14   3 172 253 255 255 255 181   7  12 131 255 255
255 255 144  14   2 133 205 242 242 206 139   5  12 131 255 255
255 255 144  14   1  28  77 205 205  78  30   1  12 131 255 255
255 255 144  14   0   0  28 133 133  28   0   0  12 131 255 255
255 255 144  14   0   0   1   2   2   1   0   0  12 131 255 255
255 255 151  28  14  14  14  14  14  14  14  14  26 138 255 255
255 255 207 151 144 144 144 144 144 144 144 144 150 201 255 255
255 255 255 255 255 255 255 255 255 255 255 255 255 255 255 255
255 255 255 255 255 255 255 255 255 255 255 255 255 255 255 255
255 255 255 255 255 255 255 255 255 255 255 255 255 255 255 255
255 255 255 255 255 255 255 255 255 255 255 255 255 255 255 255
255 255 201 138 131 131 131 131 131 131 131 131 137 194 255 255
255 255 150  26  12  12  12  12  12  12  12  12  24 137 255 255
255 255 144  14   0   5   7   7   7   7   5   0  12 131 255 255
255 255 144  14   2 122 180 181 181 181 128   5  12 131 255 255
255 255 144  14   3 172 253 255 255 255 181   7  12 131 255 255
255 255 144  14   3 172 253 255 255 255 181   7  12 131 255 255
255 255 144  14   2 133 205 242 242 206 139   5  12 131 255 255
255 255 144  14   1  28  77 205 205  78  30   1  12 131 255 255
255 255 144  14   0   0  28 133 133  28   0   0  12 131 255 255
255 255 144  14   0   0   1   2   2   1   0   0  12 131 255 255
255 255 151  28  14  14  14  14  14  14  14  14  26 138 255 255
255 255 207 151 144 144 144 144 144 144 144 144 150 201 255 255
255 255 255 255 255 255 255 255 255 255 255 255 255 255 255 255
255 255 255 255 255 255 255 255 255 255 255 255 255 255 255 255
255 255 255 255 255 255 255 255 255 255 255 255 255 255 255 255
255 255 255 255 255 255 255 255 255 255 255 255 255 255 255 255
255 255 201 138 131 131 131 131 131 131 131 131 137 194 255 255
255 255 150  26  12  12  12  12  12  12  12  12  24 137 255 255
255 255 144  14   0   5   7   7   7   7   5   0  12 131 255 255
255 255 144  14   2 122 180 181 181 181 128   5  12 131 255 255
255 255 144  14   3 172 253 255 255 255 181   7  12 131 255 255
255 255 144  14   3 172 253 255 255 255 181   7  12 131 255 255
255 255 144  14   2 133 205 242 242 206 139   5  12 131 255 255
255 255 144  14   1  28  77 205 205  78  30   1  12 131 255 255
255 255 144  14   0   0  28 133 133  28   0   0  12 131 255 255
255 255 144  14   0   0   1   2   2   1   0   0  12 131 255 255
255 255 151  28  14  14  14  14  14  14  14  14  26 138 255 255
255 255 207 151 144 144 144 144 144 144 144 144 150 201 255 255
255 255 255 255 255 255 255 255 255 255 255 255 255 255 255 255
255 255 255 255 255 255 255 255 255 255 255 255 255 255 255 255

255 255 255 255 255 255 255 255 255 255 255 255 255 255 255 255
255 255 255 255 255 255 255 255 255 255 255 255 255 255 255 255
255 255 194 137 131 131 131 131 131 131 131 131 138 201 255 255
255 255 137  24  12  12  12  12  12  12  12  12  26 150 255 255
255 255 131  12   0   5   7   7   5   1   0   0  14 144 255 255
255 255 131  12   5 128 181 181 139  30   0   0  14 144 255 255
255 255 131  12   7 181 255 255 206  78  28   1  14 144 255 255
255 255 131  12   7 181 255 255 242 205 133   2  14 144 255 255
255 255 131  12   7 181 255 255 242 205 133   2  14 144 255 255
255 255 131  12   7 180 253 253 205  77  28   1  14 144 255 255
255 255 131  12   5 122 172 172 133  28   0   0  14 144 255 255
255 255 131  12   0   2   3   3   2   1   0   0  14 144 255 255
255 255 138  26  14  14  14  14  14  14  14  14  28 151 255 255
255 255 201 150 144 144 144 144 144 144 144 144 151 207 255 255
255 255 255 255 255 255 255 255 255 255 255 255 255 255 255 255
255 255 255 255 255 255 255 255 255 255 255 255 255 255 255 255
255 255 255 255 255 255 255 255 255 255 255 255 255 255 255 255
255 255 255 255 255 255 255 255 255 255 255 255 255 255 255 255
255 255 194 137 131 131 131 131 131 131 131 131 138 201 255 255
255 255 137  24  12  12  12  12  12  12  12  12  26 150 255 255
255 255 131  12   0   5   7   7   5   1   0   0  14 144 255 255
255 255 131  12   5 128 181 181 139  30   0   0  14 144 255 255
255 255 131  12   7 181 255 255 206  78  28   1  14 144 255 255
255 255 131  12   7 181 255 255 242 205 133   2  14 144 255 255
255 255 131  12   7 181 255 255 242 205 133   2  14 144 255 255
255 255 131  12   7 180 253 253 205  77  28   1  14 144 255 255
255 255 131  12   5 122 172 172 133  28   0   0  14 144 255 255
255 255 131  12   0   2   3   3   2   1   0   0  14 144 255 255
255 255 138  26  14  14  14  14  14  14  14  14  28 151 255 255
255 255 201 150 144 144 144 144 144 144 144 144 151 207 255 255
255 255 255 255 255 255 255 255 255 255 255 255 255 255 255 255
255 255 255 255 255 255 255 255 255 255 255 255 255 255 255 255
255 255 255 255 255 255 255 255 255 255 255 255 255 255 255 255
255 255 255 255 255 255 255 255 255 255 255 255 255 255 255 255
255 255 194 137 131 131 131 131 131 131 131 131 138 201 255 255
255 255 137  24  12  12  12  12  12  12  12  12  26 150 255 255
255 255 131  12   0   5   7   7   5   1   0   0  14 144 255 255
255 255 131  12   5 128 181 181 139  30   0   0  14 144 255 255
255 255 131  12   7 181 255 255 206  78  28   1  14 144 255 255
255 255 131  12   7 181 255 255 242 205 133   2  14 144 255 255
255 255 131  12   7 181 255 255 242 205 133   2  14 144 255 255
255 255 131  12   7 180 253 253 205  77  28   1  14 144 255 255
255 255 131  12   5 122 172 172 133  28   0   0  14 144 255 255
255 255 131  12   0   2   3   3   2   1   0   0  14 144 255 255
255 255 138  26  14  14  14  14  14  14  14  14  28 151 255 255
255 255 201 150 144 144 144 144 144 144 144 144 151 207 255 255
255 255 255 255 255 255 255 255 255 255 255 255 255 255 255 255
255 255 255 255 255 255 255 255 255 255 255 255 255 255 255 255

255 255 255 255 255 255 255 255 255 255 255 255 255 255 255 255
255 255 255 255 255 255 255 255 255 255 255 255 255 255 255 255
255 255 201 150 144 144 144 144 144 144 144 144 151 207 255 255
255 255 138  26  14  14  14  14  14  14  14  14  28 151 255 255
255 255 131  12   0   0   1   2   2   1   0   0  14 144 255 255
255 255 131  12   0   0  28 133 133  28   0   0  14 144 255 255
255 255 131  12   1  30  78 205 205  77  28   1  14 144 255 255
255 255 131  12   5 139 206 242 242 205 133   2  14 144 255 255
255 255 131  12   7 181 255 255 255 253 172   3  14 144 255 255
255 255 131  12   7 181 255 255 255 253 172   3  14 144 255 255
255 255 131  12   5 128 181 181 181 180 122   2  14 144 255 255
255 255 131  12   0   5   7   7   7   7   5   0  14 144 255 255
255 255 137  24  12  12  12  12  12  12  12  12  26 150 255 255
255 255 194 137 131 131 131 131 131 131 131 131 138 201 255 255
255 255 255 255 255 255 255 255 255 255 255 255 255 255 255 255
255 255 255 255 255 255 255 255 255 255 255 255 255 255 255 255
255 255 255 255 255 255 255 255 255 255 255 255 255 255 255 255
255 255 255 255 255 255 255 255 255 255 255 255 255 255 255 255
255 255 201 150 144 144 144 144 144 144 144 144 151 207 255 255
255 255 138  26  14  14  14  14  14  14  14  14  28 151 255 255
255 255 131  12   0   0   1   2   2   1   0   0  14 144 255 255
255 255 131  12   0   0  28 133 133  28   0   0  14 144 255 255
255 255 131  12   1  30  78 205 205  77  28   1  14 144 255 255
255 255 131  12   5 139 206 242 242 205 133   2  14 144 255 255
255 255 131  12   7 181 255 255 255 253 172   3  14 144 255 255
255 255 131  12   7 181 255 255 255 253 172   3  14 144 255 255
255 255 131  12   5 128 181 181 181 180 122   2  14 144 255 255
255 255 131  12   0   5   7   7   7   7   5   0  14 144 255 255
255 255 137  24  12  12  12  12  12  12  12  12  26 150 255 255
255 255 194 137 131 131 131 131 131 131 131 131 138 201 255 255
255 255 255 255 255 255 255 255 255 255 255 255 255 255 255 255
255 255 255 255 255 255 255 255 255 255 255 255 255 255 255 255
255 255 255 255 255 255 255 255 255 255 255 255 255 255 255 255
255 255 255 255 255 255 255 255 255 255 255 255 255 255 255 255
255 255 201 150 144 144 144 144 144 144 144 144 151 207 255 255
255 255 138  26  14  14  14  14  14  14  14  14  28 151 255 255
255 255 131  12   0   0   1   2   2   1   0   0  14 144 255 255
255 255 131  12   0   0  28 133 133  28   0   0  14 144 255 255
255 255 131  12   1  30  78 205 205  77  28   1  14 144 255 255
255 255 131  12   5 139 206 242 242 205 133   2  14 144 255 255
255 255 131  12   7 181 255 255 255 253 172   3  14 144 255 255
255 255 131  12   7 181 255 255 255 253 172   3  14 144 255 255
255 255 131  12   5 128 181 181 181 180 122   2  14 144 255 255
255 255 131  12   0   5   7   7   7   7   5   0  14 144 255 255
255 255 137  24  12  12  12  12  12  12  12  12  26 150 255 255
255 255 194 137 131 131 131 131 131 131 131 131 138 201 255 255
255 255 255 255 255 255 255 255 255 255 255 255 255 255 255 255
255 255 255 255 255 255 255 255 255 255 255 255 255 255 255 255
